latest_daily_data="\n\
num:100 total:3794 start:030106 03:236 04:242 05:215 06:235 07:224 08:244 09:242 10:230 11:234 12:242 13:238 14:245 15:244 16:244 17:244 18:235\n\
180724 17.22 17.32 17.70 17.15 1505444\n\
180725 17.34 17.27 17.39 17.17 595180\n\
180726 17.30 16.92 17.33 16.82 890148\n\
180727 16.84 16.84 17.04 16.79 567718\n\
180730 16.88 16.97 17.13 16.78 573972\n\
180731 16.88 16.86 16.96 16.76 536332\n\
180801 16.95 16.56 17.10 16.53 736068\n\
180802 16.48 16.12 16.56 15.94 805585\n\
180803 16.12 16.02 16.24 16.00 470724\n\
180806 16.07 15.91 16.25 15.80 653254\n\
180807 15.95 16.38 16.40 15.91 768527\n\
180808 16.31 16.03 16.34 15.98 574060\n\
180809 15.98 16.38 16.46 15.96 746080\n\
180810 16.35 16.37 16.46 16.21 429300\n\
180813 16.18 16.21 16.32 15.99 617407\n\
180814 16.18 16.19 16.23 16.06 332969\n\
180815 16.18 15.87 16.21 15.86 587402\n\
180816 15.70 15.95 16.19 15.59 711336\n\
180817 16.09 15.75 16.14 15.72 531964\n\
180820 15.81 16.07 16.08 15.81 500832\n\
180821 16.07 16.16 16.30 16.00 630981\n\
180822 16.16 16.17 16.21 16.07 325250\n\
180823 16.20 16.28 16.35 16.04 643886\n\
180824 15.88 16.00 16.25 15.76 661036\n\
180827 16.08 16.33 16.35 16.00 873600\n\
180828 16.32 16.21 16.40 16.15 505718\n\
180829 16.19 16.07 16.25 16.02 484894\n\
180830 16.07 15.94 16.14 15.94 345355\n\
180831 15.95 15.98 16.10 15.90 448780\n\
180903 15.95 16.09 16.11 15.91 387548\n\
180904 16.06 16.27 16.34 15.96 619720\n\
180905 16.18 15.92 16.23 15.92 519918\n\
180906 15.92 15.86 16.03 15.83 345834\n\
180907 15.87 15.89 16.16 15.83 458488\n\
180910 15.80 15.42 15.88 15.38 621209\n\
180911 15.43 15.52 15.60 15.37 351567\n\
180912 15.42 15.52 15.68 15.42 313535\n\
180913 15.69 15.71 15.75 15.55 430519\n\
180914 15.75 15.68 15.81 15.63 329635\n\
180917 15.63 15.59 15.69 15.49 276496\n\
180918 15.53 15.90 15.94 15.52 482101\n\
180919 15.86 16.13 16.25 15.81 923815\n\
180920 16.22 16.14 16.35 16.07 589209\n\
180921 16.12 16.68 16.69 16.07 1203042\n\
180925 16.45 16.41 16.57 16.36 562905\n\
180926 16.47 16.56 16.87 16.41 973113\n\
180927 16.53 16.53 16.59 16.30 618867\n\
180928 16.58 16.69 16.83 16.54 728660\n\
181008 16.34 15.96 16.40 15.92 866981\n\
181009 15.98 16.04 16.10 15.91 500917\n\
181010 16.04 16.15 16.17 15.98 504243\n\
181011 15.65 15.17 15.80 14.99 1154499\n\
181012 15.03 15.21 15.33 14.75 800359\n\
181015 15.25 15.02 15.33 15.00 512232\n\
181016 15.07 14.90 15.30 14.80 491321\n\
181017 15.23 15.09 15.26 14.80 560514\n\
181018 15.05 14.84 15.20 14.83 524393\n\
181019 14.76 15.38 15.50 14.72 1165880\n\
181022 15.64 16.92 16.92 15.64 2522345\n\
181023 17.50 16.71 17.65 16.53 3136251\n\
181024 16.56 16.93 17.42 16.53 2519260\n\
181025 16.54 17.35 17.38 16.30 2128962\n\
181026 17.24 16.88 17.28 16.70 1467624\n\
181029 16.83 16.65 17.15 16.54 1109778\n\
181030 16.79 17.30 17.79 16.51 2252638\n\
181031 17.14 17.16 17.45 16.86 1452444\n\
181101 17.54 17.36 18.29 17.30 2531447\n\
181102 17.89 17.79 17.96 17.50 1742362\n\
181105 17.62 17.71 17.86 17.41 1089393\n\
181106 17.80 17.71 18.07 17.55 1125849\n\
181107 17.63 17.30 17.67 17.21 1068929\n\
181108 17.48 16.97 17.50 16.91 1115537\n\
181109 16.91 16.92 17.12 16.81 788310\n\
181112 16.98 17.13 17.16 16.90 933866\n\
181113 16.92 17.39 17.77 16.89 1833410\n\
181114 17.27 17.05 17.42 16.98 1162759\n\
181115 17.02 17.40 17.45 16.94 1617501\n\
181116 17.39 17.58 17.96 17.22 2533627\n\
181119 17.59 18.07 18.07 17.52 2553648\n\
181120 17.89 17.37 18.05 17.27 1777408\n\
181121 17.15 17.14 17.35 16.95 1498952\n\
181122 17.18 17.04 17.20 16.85 953347\n\
181123 16.96 16.60 17.17 16.48 1090118\n\
181126 16.60 16.57 16.82 16.46 672353\n\
181127 16.64 16.71 16.84 16.54 664616\n\
181128 16.64 17.01 17.12 16.60 1053953\n\
181129 17.07 16.63 17.31 16.61 966426\n\
181130 16.58 16.87 16.95 16.50 750195\n\
181203 17.80 17.44 17.83 17.34 1866667\n\
181204 17.44 17.60 17.62 17.35 972454\n\
181205 17.28 17.45 17.60 17.25 813033\n\
181206 17.25 17.01 17.27 16.95 918608\n\
181207 17.19 17.05 17.24 17.02 512283\n\
181210 16.82 16.77 16.97 16.66 695504\n\
181211 16.81 16.88 16.91 16.77 358675\n\
181212 17.00 16.97 17.11 16.92 551859\n\
181213 17.00 17.18 17.32 16.87 1229787\n\
181214 17.09 16.85 17.12 16.85 656050\n\
181217 16.78 16.98 17.02 16.76 541826\n\
181218 16.83 16.65 16.97 16.51 748085\n\
";